2.444832e+02
2.444832e+02
2.444832e+02
2.444832e+02
2.444832e+02
3.038890e+02
3.038890e+02
2.444832e+02
3.014373e+02
3.038890e+02
3.014373e+02
2.444832e+02
2.369563e+02
2.369563e+02
3.038890e+02
3.014373e+02
2.444832e+02
3.284402e+02
3.284402e+02
2.369563e+02
3.038890e+02
3.014373e+02
2.444832e+02
2.746773e+02
3.284402e+02
2.369563e+02
2.746773e+02
3.038890e+02
3.014373e+02
2.444832e+02
2.683785e+02
4.517003e+02
2.771290e+02
3.140078e+02
3.329990e+02
2.163417e+02
2.774373e+02
2.360732e+02
3.310827e+02
3.310827e+02
3.284402e+02
4.517003e+02
2.163417e+02
2.369563e+02
2.774373e+02
2.771290e+02
2.746773e+02
2.683785e+02
3.329990e+02
2.900897e+02
2.654278e+02
4.026433e+02
3.207301e+02
2.645017e+02
4.535960e+02
2.688119e+02
2.422292e+02
3.493590e+02
3.318720e+02
3.159715e+02
3.310827e+02
2.525073e+02
2.882673e+02
2.818273e+02
3.310827e+02
3.310827e+02
3.207301e+02
3.284402e+02
3.159715e+02
4.535960e+02
4.026433e+02
4.517003e+02
2.163417e+02
2.525073e+02
2.393384e+02
3.346794e+02
2.407592e+02
2.723318e+02
3.757268e+02
3.479038e+02
2.355338e+02
2.930590e+02
3.560436e+02
2.705226e+02
2.637862e+02
3.599258e+02
3.373709e+02
3.663593e+02
2.773184e+02
2.626949e+02
2.373112e+02
3.443490e+02
3.463565e+02
3.483652e+02
3.501377e+02
4.478960e+02
4.746060e+02
3.483652e+02
3.310827e+02
3.310827e+02
3.373709e+02
3.501377e+02
2.773184e+02
3.207301e+02
3.284402e+02
3.159715e+02
4.535960e+02
2.623173e+02
3.337719e+02
2.436465e+02
3.448020e+02
3.574452e+02
3.377721e+02
2.201307e+02
2.724668e+02
3.418130e+02
3.923065e+02
4.115029e+02
4.376381e+02
3.310363e+02
3.450463e+02
3.241619e+02
3.483652e+02
3.079910e+02
3.862172e+02
3.150306e+02
3.070806e+02
3.759057e+02
4.596639e+02
3.691158e+02
3.389094e+02
3.541909e+02
3.418130e+02
3.483652e+02
3.483652e+02
3.337719e+02
3.070806e+02
3.574452e+02
3.310827e+02
3.310827e+02
3.377721e+02
3.373709e+02
3.418130e+02
3.883208e+02
3.432489e+02
3.148727e+02
3.393144e+02
3.591392e+02
4.072697e+02
3.362959e+02
3.373027e+02
2.707681e+02
3.057078e+02
3.794800e+02
4.145609e+02
3.715122e+02
3.578148e+02
3.492077e+02
4.117900e+02
2.114080e+02
3.259409e+02
3.104800e+02
2.628302e+02
3.410716e+02
2.840560e+02
3.371523e+02
3.041889e+02
3.589960e+02
3.353436e+02
3.285590e+02
3.465713e+02
2.913447e+02
3.578151e+02
3.401887e+02
3.201484e+02
3.390205e+02
3.578942e+02
2.786107e+02
3.593824e+02
3.314838e+02
3.348162e+02
3.289733e+02
3.223607e+02
3.663652e+02
4.410592e+02
4.234052e+02
3.617452e+02
3.209521e+02
3.067206e+02
2.707681e+02
3.067206e+02
3.041889e+02
3.390205e+02
3.663652e+02
3.418130e+02
3.418130e+02
3.373027e+02
3.483652e+02
3.483652e+02
3.049814e+02
3.419571e+02
3.352214e+02
3.755848e+02
2.872331e+02
3.483652e+02
4.002039e+02
3.544521e+02
3.225738e+02
3.717465e+02
3.555391e+02
3.578148e+02
3.492284e+02
3.133053e+02
3.577089e+02
3.645257e+02
3.896952e+02
3.321522e+02
2.727984e+02
3.457611e+02
2.865059e+02
3.433886e+02
3.523838e+02
4.081252e+02
3.314838e+02
3.444160e+02
3.461095e+02
3.540799e+02
3.845580e+02
3.270481e+02
3.674227e+02
4.052822e+02
3.578587e+02
4.096424e+02
3.902278e+02
3.152811e+02
3.924547e+02
2.781934e+02
3.434633e+02
2.818502e+02
3.353391e+02
3.840765e+02
3.563130e+02
3.364541e+02
3.350121e+02
3.417702e+02
3.530953e+02
3.691397e+02
3.436407e+02
3.523704e+02
3.490902e+02
3.421040e+02
3.423527e+02
2.707681e+02
2.919681e+02
3.263006e+02
3.345747e+02
3.572922e+02
3.443427e+02
3.253027e+02
3.516751e+02
3.526430e+02
3.464552e+02
3.312309e+02
3.327890e+02
3.563130e+02
2.919681e+02
2.707681e+02
2.707681e+02
4.052822e+02
3.067206e+02
2.781934e+02
3.041889e+02
3.049814e+02
3.152811e+02
3.327902e+02
3.513046e+02
3.418130e+02
3.196587e+02
3.653520e+02
3.870106e+02
3.429804e+02
2.919681e+02
3.459024e+02
3.490212e+02
3.423767e+02
3.066236e+02
3.334486e+02
3.423527e+02
3.422724e+02
2.779903e+02
3.611323e+02
3.471872e+02
3.530876e+02
3.246827e+02
3.673863e+02
3.417914e+02
3.470097e+02
3.392081e+02
3.476048e+02
3.150264e+02
3.630281e+02
3.026985e+02
3.662196e+02
3.421452e+02
3.088119e+02
3.545633e+02
3.972045e+02
2.789562e+02
3.460705e+02
3.969163e+02
3.329632e+02
3.701918e+02
2.969040e+02
3.270582e+02
3.597324e+02
3.282506e+02
3.197926e+02
3.321577e+02
3.619944e+02
3.671977e+02
3.253991e+02
3.044244e+02
3.858064e+02
3.690258e+02
3.340142e+02
2.724209e+02
3.424684e+02
2.533859e+02
3.310720e+02
3.312940e+02
2.754334e+02
3.373304e+02
2.922112e+02
2.894392e+02
3.678114e+02
3.321117e+02
3.689342e+02
2.754334e+02
3.435820e+02
3.423041e+02
3.670097e+02
4.118684e+02
3.905458e+02
2.992569e+02
3.279473e+02
3.515930e+02
3.592081e+02
3.741830e+02
3.732130e+02
3.482053e+02
4.162552e+02
3.150264e+02
3.732130e+02
3.424684e+02
3.563130e+02
2.919681e+02
2.919681e+02
3.310720e+02
3.858064e+02
3.246827e+02
3.044244e+02
3.241655e+02
3.940371e+02
2.717681e+02
3.259711e+02
3.202309e+02
3.118536e+02
3.026030e+02
2.749741e+02
2.951209e+02
3.229299e+02
3.799668e+02
3.593825e+02
2.965494e+02
3.597515e+02
4.064982e+02
3.350423e+02
3.371078e+02
2.942856e+02
3.422824e+02
3.223277e+02
3.878637e+02
3.743858e+02
4.226171e+02
3.494485e+02
3.287598e+02
3.798789e+02
3.999134e+02
3.350399e+02
3.138853e+02
3.577089e+02
3.712746e+02
3.110979e+02
3.631067e+02
3.165667e+02
3.725583e+02
3.228331e+02
3.915476e+02
3.485264e+02
2.993934e+02
3.084615e+02
3.213418e+02
3.114604e+02
3.737116e+02
3.368956e+02
3.707671e+02
3.392396e+02
2.982886e+02
3.241557e+02
2.936265e+02
3.551802e+02
3.581875e+02
3.677550e+02
3.399189e+02
2.915031e+02
3.255148e+02
3.113471e+02
3.264482e+02
3.578475e+02
2.847833e+02
3.804023e+02
2.820233e+02
2.963450e+02
3.747409e+02
3.114614e+02
3.175825e+02
3.234926e+02
3.193919e+02
3.500484e+02
3.359978e+02
3.278053e+02
3.197373e+02
2.970987e+02
3.071765e+02
3.357880e+02
2.802799e+02
3.101306e+02
3.019692e+02
3.338131e+02
3.098814e+02
3.433474e+02
3.029400e+02
3.908697e+02
3.355240e+02
2.995762e+02
3.384627e+02
3.609064e+02
3.152917e+02
3.436714e+02
4.383445e+02
3.604820e+02
3.319264e+02
2.978659e+02
4.009822e+02
3.452730e+02
3.743484e+02
4.612664e+02
3.177066e+02
4.383445e+02
3.319264e+02
3.223277e+02
3.234926e+02
3.029400e+02
3.150264e+02
3.732130e+02
2.963450e+02
3.424684e+02
3.359978e+02
3.013146e+02
3.352421e+02
3.730268e+02
3.098814e+02
3.136137e+02
3.243588e+02
2.956387e+02
3.141936e+02
3.267249e+02
3.517469e+02
3.074225e+02
2.930704e+02
2.959523e+02
3.139919e+02
3.223277e+02
3.962570e+02
3.514427e+02
3.579221e+02
4.014552e+02
3.441980e+02
3.855952e+02
3.092814e+02
3.044244e+02
3.150264e+02
3.772286e+02
3.440125e+02
2.908109e+02
3.209796e+02
3.535763e+02
3.274490e+02
3.128555e+02
4.050968e+02
2.919681e+02
3.755746e+02
3.599911e+02
3.182426e+02
2.802156e+02
3.503409e+02
2.994273e+02
3.286748e+02
2.884269e+02
